SI9- 391b 
    391 232.5  61.0   0.0   0.0   1.0
NRM    187.3 -07.6 187.3 -07.6 7.62E-03 001.8 074.1  12.0 16.59493 1.118067 18.10692 hargrave 2014-02-04 11:17:45 
100.00 186.6 -09.9 186.6 -09.9 7.84E-03 001.9 071.8  11.5 16.65314 8.096999 19.04029 hargrave 2014-02-20 20:08:58 
100.10 180.5 -10.4 180.5 -10.4 8.14E-03 004.3 067.9  16.2 55.30808 17.56235 18.66135 hargrave 2014-02-24 20:58:49 
200.10 160.1 -14.4 160.1 -14.4 1.03E-02 001.3 050.8  29.0 11.77347 2.549676 20.27075 hargrave 2014-03-03 15:19:27 
200.00 165.5 -18.2 165.5 -18.2 9.61E-03 001.4 051.8  22.7 12.76042 2.436392 20.57642 hargrave 2014-03-06 19:52:51 
250.00 166.9 -20.6 166.9 -20.6 9.20E-03 005.5 050.9  20.0 71.01646 49.46175 20.36797 hargrave 2014-03-10 15:48:17 
100.20 164.1 -19.7 164.1 -19.7 9.52E-03 002.3 049.6  22.5 29.67521 16.25299 19.54323 hargrave 2014-03-31 20:54:26 
250.10 160.1 -16.3 160.1 -16.3 9.73E-03 002.4 049.3  27.7 31.90103 14.58511 20.16837 hargrave 2014-04-17 20:08:26 
300.10 157.7 -09.7 157.7 -09.7 9.82E-03 001.7 052.6  34.0 23.46395 2.858506 17.81675 hargrave 2014-04-28 22:49:54 
300.00 163.5 -16.6 163.5 -16.6 8.82E-03 003.5 051.6  25.1 44.73987 22.07055 20.00637 hargrave 2014-05-01 18:56:54 
350.00 165.7 -18.6 165.7 -18.6 8.06E-03 003.5 051.6  22.2 40.49715 21.59977 18.65114 hargrave 2014-05-05 23:18:00 
250.20 161.8 -14.2 161.8 -14.2 8.52E-03 003.3 052.3  27.9 41.81359 19.63210 18.76119 hargrave 2014-06-11 14:19:32 
350.10 155.0 -11.3 155.0 -11.3 8.77E-03 004.1 049.1  34.6 53.67746 28.48664 17.58484 hargrave 2014-06-27 15:33:52 
400.10 151.9 -05.5 151.9 -05.5 8.80E-03 001.7 051.1  41.0 20.39261 6.691829 15.72996 hargrave 2014-06-28 15:32:42 
400.00 158.9 -15.1 158.9 -15.1 7.41E-03 002.2 049.2  29.3 21.26653 6.960681 17.31700 hargrave 2014-07-04 13:32:37 
450.00 161.9 -17.4 161.9 -17.4 6.61E-03 001.8 049.8  25.6 8.089866 2.879540 19.96962 hargrave 2014-07-11 13:39:00 
350.20 154.8 -10.1 154.8 -10.1 7.28E-03 002.3 049.8  35.7 24.91058 7.419885 13.87876 hargrave 2014-07-12 15:23:49 
450.10 151.1 -02.7 151.1 -02.7 7.87E-03 003.9 053.1  43.6 48.42484 18.94947 14.11410 hargrave 2014-07-18 18:41:16 
500.10 142.1  05.2 142.1  05.2 8.98E-03 003.7 051.3  55.5 53.81687 18.99024 10.56632 hargrave 2014-07-19 16:11:49 
500.00 154.8 -08.8 154.8 -08.8 6.17E-03 002.0 051.0  36.7 16.74779 2.648743 13.29947 hargrave 2014-07-25 22:18:50 
510.00 153.9 -14.0 153.9 -14.0 5.73E-03 004.9 045.9  33.3 39.06096 26.60660 12.87972 hargrave 2014-08-02 20:00:56 
450.20 147.2  01.8 147.2  01.8 7.25E-03 001.7 053.5  49.5 16.67310 7.571472 11.10828 hargrave 2014-08-08 18:07:34 
510.10 140.5  05.8 140.5  05.8 8.59E-03 001.9 050.1  57.0 27.20733 4.660644 9.468212 hargrave 2014-08-09 18:56:40 
520.10 138.9  08.6 138.9  08.6 9.06E-03 002.6 051.5  60.2 39.76472 5.672408 9.526860 hargrave 2014-08-15 15:59:39 
520.00 153.8 -06.5 153.8 -06.5 5.71E-03 001.5 052.1  39.0 7.648762 5.770134 11.78299 hargrave 2014-08-31 16:03:55 
530.00 156.6 -08.7 156.6 -08.7 5.20E-03 003.4 052.6  35.5 26.53733 11.38128 10.83876 hargrave 2014-09-14 14:05:55 
510.20 139.9  04.8 139.9  04.8 7.83E-03 002.2 048.0  56.7 27.46441 5.670689 10.60656 hargrave 2014-09-21 15:14:21 
530.10 136.0  10.1 136.0  10.1 8.71E-03 002.0 049.1  63.2 28.15541 6.436588 9.091868 hargrave 2014-09-28 16:32:14 
540.10 135.8  13.3 135.8  13.3 9.50E-03 001.6 054.2  65.6 24.63854 4.513680 6.807368 hargrave 2014-10-05 14:11:22 
540.00 150.5 -06.8 150.5 -06.8 5.10E-03 003.6 048.7  41.0 25.38149 18.18691 8.250811 hargrave 2014-10-18 19:10:52 
540.00 150.6 -06.7 150.6 -06.7 5.10E-03 003.7 048.8  41.0 26.28528 18.93658 8.166461 hargrave 2014-10-18 21:05:12 
550.00 154.9 -08.7 154.9 -08.7 4.54E-03 002.0 051.2  36.6 13.44469 5.236221 7.333689 hargrave 2014-10-19 20:15:41 
530.20 135.5  10.7 135.5  10.7 8.04E-03 001.5 049.4  63.9 20.34880 5.346615 3.970031 hargrave 2014-10-26 16:51:44 
550.10 133.8  15.1 133.8  15.1 9.78E-03 000.8 054.2  68.3 7.525566 12.08774 4.721625 hargrave 2014-11-02 12:25:22 
560.10 130.4  17.9 130.4  17.9 1.11E-02 000.9 053.8  72.6 11.61712 13.30196 7.783783 hargrave 2014-11-08 17:40:13 
560.00 148.4 -02.6 148.4 -02.6 4.64E-03 001.3 050.3  45.5 3.740703 6.112961 7.505004 hargrave 2014-11-09 18:32:48 
570.00 152.6 -07.4 152.6 -07.4 3.88E-03 001.2 050.1  39.2 6.058651 1.309632 5.388780 hargrave 2014-12-06 22:45:59 
550.20 129.4  15.9 129.4  15.9 9.16E-03 001.6 046.9  71.8 24.22840 8.112762 5.370986 hargrave 2014-12-07 15:40:01 
570.10 126.9  20.0 126.9  20.0 1.22E-02 001.6 051.1  76.5 16.34127 27.70662 13.51744 hargrave 2015-02-01 13:49:38 
573.10 125.7  20.9 125.7  20.9 1.33E-02 002.3 050.5  77.9 38.45221 35.40203 12.65363 hargrave 2015-02-08 15:16:04 
