SI9- D1b 
     D1 337.1  45.0   0.0   0.0   1.0
NRM    122.6 -59.5 122.6 -59.5 3.48E-02 002.3 331.1 -72.3 133.8591 22.83024 30.45650 hargrave 2014-02-04 11:25:59 
100.00 117.5 -59.5 117.5 -59.5 3.57E-02 002.2 338.2 -73.8 124.7785 51.48397 23.32338 hargrave 2014-02-20 20:16:14 
100.10 121.5 -58.4 121.5 -58.4 3.50E-02 001.6 330.0 -73.5 97.89528 11.76623 21.40988 hargrave 2014-02-24 21:05:37 
200.10 119.0 -60.1 119.0 -60.1 3.31E-02 002.3 337.0 -72.9 112.0042 65.08367 20.76016 hargrave 2014-03-03 15:26:13 
200.00 119.4 -59.2 119.4 -59.2 3.36E-02 002.2 334.6 -73.5 120.2922 45.13287 20.73449 hargrave 2014-03-06 19:59:37 
250.00 118.5 -59.5 118.5 -59.5 3.32E-02 001.7 336.5 -73.6 93.68369 15.21757 22.24757 hargrave 2014-03-10 15:55:05 
100.20 118.1 -60.0 118.1 -60.0 3.29E-02 002.1 338.2 -73.3 111.6071 48.51915 21.69631 hargrave 2014-03-31 21:01:13 
250.10 122.1 -59.3 122.1 -59.3 3.14E-02 001.5 331.2 -72.6 75.07338 33.13061 20.47856 hargrave 2014-04-17 20:15:11 
300.10 124.3 -59.8 124.3 -59.8 2.84E-02 001.6 329.8 -71.5 80.03431 12.71790 14.97397 hargrave 2014-04-28 22:56:41 
300.00 119.1 -59.7 119.1 -59.7 2.99E-02 002.5 336.2 -73.2 115.3179 60.70290 23.59318 hargrave 2014-05-01 19:03:40 
350.00 120.2 -59.3 120.2 -59.3 2.96E-02 001.6 333.7 -73.3 82.05469 12.23519 21.20567 hargrave 2014-05-05 23:24:48 
250.20 121.9 -60.1 121.9 -60.1 2.79E-02 001.6 333.2 -72.1 76.17920 9.869363 19.36332 hargrave 2014-06-11 14:27:42 
350.10 124.2 -61.2 124.2 -61.2 2.46E-02 002.3 332.7 -70.5 95.84409 24.91849 19.11844 hargrave 2014-06-27 15:40:46 
400.10 131.9 -62.6 131.9 -62.6 1.59E-02 002.5 328.9 -66.9 66.16190 21.70677 10.23617 hargrave 2014-06-28 15:39:29 
400.00 120.0 -59.3 120.0 -59.3 1.77E-02 002.2 333.9 -73.3 66.16671 18.08399 13.88178 hargrave 2014-07-04 13:39:23 
450.00 074.8 -66.1 074.8 -66.1 6.22E-03 001.4 027.5 -63.2 2.993069 14.33632 4.488894 hargrave 2014-07-11 13:45:48 
450.00 292.4 -44.7 292.4 -44.7 2.55E-03 066.5 004.8  00.1 5.859988 102.0620 597.1047 hargrave 2014-07-11 14:19:19 
450.00 291.7 -44.8 291.7 -44.8 2.55E-03 066.5 004.2  00.0 5.820466 104.5124 596.8387 hargrave 2014-07-11 14:21:35 
450.00 079.3 -67.7 079.3 -67.7 6.21E-03 003.8 022.2 -63.5 8.552662 39.79464 4.087521 hargrave 2014-07-11 14:29:34 
350.20 280.1  40.9 280.1  40.9 2.24E-02 002.1 313.1  84.2 70.63446 44.57376 14.51875 hargrave 2014-07-12 15:30:33 
350.20 279.5  40.7 279.5  40.7 2.14E-02 001.9 311.3  83.7 50.00514 51.10118 14.62926 hargrave 2014-07-18 09:15:49 
450.10 282.4  46.9 282.4  46.9 5.07E-02 002.0 229.4  87.1 166.8461 53.88216 88.40874 hargrave 2014-07-18 18:48:03 
500.10 281.9  47.9 281.9  47.9 5.79E-02 001.8 221.1  86.1 169.7052 64.32396 241.4867 hargrave 2014-07-19 16:18:35 
500.00 013.8  18.6 013.8  18.6 2.25E-03 002.1 102.1  14.3 6.871990 0.551659 4.766262 hargrave 2014-07-25 22:25:36 
500.00 013.0  16.6 013.0  16.6 2.22E-03 004.6 100.1  13.5 17.54299 1.463663 4.219801 hargrave 2014-08-01 19:17:41 
510.00 350.2 -37.6 350.2 -37.6 2.29E-03 007.2 046.7 -11.0 19.32425 21.48685 2.319774 hargrave 2014-08-02 20:07:42 
510.00 353.2 -35.6 353.2 -35.6 2.29E-03 005.2 049.9 -11.1 14.72255 14.80748 2.269485 hargrave 2014-08-08 12:03:41 
450.20 284.7  44.8 284.7  44.8 4.97E-02 001.7 283.9  89.3 136.8148 61.32712 30.31571 hargrave 2014-08-08 18:14:23 
510.10 284.4  46.0 284.4  46.0 5.20E-02 001.8 221.0  88.6 139.7479 76.74688 145.2742 hargrave 2014-08-09 19:02:33 
520.10 286.5  38.5 286.5  38.5 5.23E-02 002.2 005.8  83.5 151.6465 126.9318 102.2475 hargrave 2014-08-15 16:06:26 
520.00 005.3  28.8 005.3  28.8 1.47E-03 005.4 104.9  26.9 13.41220 2.299610 2.763731 hargrave 2014-08-31 16:10:54 
530.00 076.4  46.1 076.4  46.1 1.38E-03 002.0 160.1  04.7 1.537829 3.289409 3.385875 hargrave 2014-09-14 14:12:45 
510.20 281.6  44.2 281.6  44.2 4.89E-02 001.6 283.8  87.0 114.5065 68.17734 25.18644 hargrave 2014-09-21 15:21:26 
530.10 284.4  46.9 284.4  46.9 5.16E-02 001.0 205.7  87.9 69.43892 61.66564 67.48827 hargrave 2014-09-28 16:39:27 
540.10 284.5  48.3 284.5  48.3 5.34E-02 000.6 193.2  86.6 49.70422 34.80046 39.76982 hargrave 2014-10-05 14:18:34 
540.00 083.6  60.4 083.6  60.4 1.08E-03 006.3 168.8  17.0 2.564460 11.24550 3.067807 hargrave 2014-10-18 19:17:08 
540.00 083.1  60.3 083.1  60.3 1.08E-03 006.0 168.5  16.9 2.507389 10.66534 3.183079 hargrave 2014-10-18 21:11:35 
550.00 061.5  35.3 061.5  35.3 1.17E-03 001.5 145.3 -00.3 1.156355 1.393276 2.479118 hargrave 2014-10-19 20:22:28 
530.20 283.3  48.1 283.3  48.1 5.31E-02 000.9 206.8  86.5 58.26474 62.51300 107.0141 hargrave 2014-10-26 16:57:21 
550.10 283.8  47.6 283.8  47.6 5.53E-02 000.9 206.0  87.1 86.29567 27.72133 222.4620 hargrave 2014-11-02 12:31:55 
560.10 284.5  48.5 284.5  48.5 5.73E-02 001.2 193.4  86.4 91.37161 83.70017 176.7030 hargrave 2014-11-08 17:46:38 
560.00 052.3  34.5 052.3  34.5 8.88E-04 002.3 138.5  03.0 1.613709 2.443126 2.092969 hargrave 2014-11-09 18:39:42 
570.00 089.2  51.4 089.2  51.4 4.52E-04 002.9 169.7  07.4 0.498231 1.535912 1.736803 hargrave 2014-12-06 22:54:01 
550.20 283.6  47.7 283.6  47.7 5.63E-02 001.9 206.8  86.9 166.2596 80.85856 237.5167 hargrave 2014-12-07 15:47:02 
570.10 282.6  48.0 282.6  48.0 4.89E-02 002.1 214.4  86.3 157.5855 85.16955 158.9824 hargrave 2015-02-01 13:57:04 
573.10 282.6  46.8 282.6  46.8 6.18E-02 002.1 228.4  87.2 214.2998 85.32840 51.05555 hargrave 2015-02-08 15:26:16 
