SI9- D6b 
     D6 337.1  47.0   0.0   0.0   1.0
NRM    127.5 -52.2 127.5 -52.2 3.92E-02 000.5 054.3 -47.2 24.55470 12.07017 25.17846 hargrave 2014-02-04 11:32:08 
100.00 126.5 -57.9 126.5 -57.9 3.86E-02 002.9 045.9 -47.8 147.8739 128.6832 18.53164 hargrave 2014-02-20 20:23:54 
100.10 127.7 -52.4 127.7 -52.4 3.84E-02 001.7 054.0 -47.4 77.35337 83.97676 20.54755 hargrave 2014-02-24 21:12:26 
200.10 125.2 -53.0 125.2 -53.0 3.69E-02 002.4 052.7 -46.1 125.8080 88.14621 25.97703 hargrave 2014-03-03 15:34:32 
200.00 129.6 -48.9 129.6 -48.9 3.62E-02 008.1 059.6 -47.6 441.2475 265.8070 17.48796 hargrave 2014-03-06 20:06:26 
250.00 126.3 -55.2 126.3 -55.2 3.53E-02 001.0 049.7 -47.2 43.48583 43.64289 20.58637 hargrave 2014-03-10 16:01:55 
100.20 126.4 -51.8 126.4 -51.8 3.60E-02 001.4 054.6 -46.5 66.63762 63.50371 22.26194 hargrave 2014-03-31 21:08:03 
250.10 125.5 -52.3 125.5 -52.3 3.48E-02 004.2 053.8 -46.0 202.2706 154.0572 22.77748 hargrave 2014-04-17 20:22:00 
300.10 122.7 -51.3 122.7 -51.3 3.23E-02 001.0 054.4 -44.1 38.84156 39.92505 19.02673 hargrave 2014-04-28 23:03:32 
300.00 125.2 -53.6 125.2 -53.6 3.25E-02 002.4 051.8 -46.2 98.92658 90.47586 17.92790 hargrave 2014-05-01 19:10:28 
350.00 125.5 -54.4 125.5 -54.4 1.59E-02 023.7 050.9 -46.6 735.3775 903.3231 1231.304 hargrave 2014-05-06 10:13:04 
350.00 126.3 -52.4 126.3 -52.4 3.18E-02 002.1 053.7 -46.6 88.54499 77.67413 17.97497 hargrave 2014-05-06 10:44:26 
250.20 122.5 -54.1 122.5 -54.1 3.19E-02 000.3 050.6 -44.8 5.464408 14.88910 17.93197 hargrave 2014-06-11 14:35:59 
350.10 119.7 -51.9 119.7 -51.9 2.91E-02 004.3 052.7 -42.6 169.5642 138.1468 13.75911 hargrave 2014-06-27 15:47:37 
400.10 112.4 -47.6 112.4 -47.6 2.16E-02 001.3 055.5 -36.5 39.81584 30.34506 11.58945 hargrave 2014-06-28 15:46:19 
400.00 120.5 -52.2 120.5 -52.2 1.99E-02 004.0 052.7 -43.1 107.9084 90.04774 10.40629 hargrave 2014-07-04 13:46:19 
450.00 121.3 -52.5 121.3 -52.5 8.20E-03 003.1 052.5 -43.7 37.63022 25.01949 5.387856 hargrave 2014-07-11 13:52:38 
350.20 025.5  34.7 025.5  34.7 2.71E-02 000.9 056.8  76.4 28.53107 30.56231 21.05678 hargrave 2014-07-12 15:37:21 
350.20 026.2  35.0 026.2  35.0 2.64E-02 000.6 059.3  76.2 25.18340 9.597497 17.92080 hargrave 2014-07-18 09:28:52 
450.10 019.4  40.3 019.4  40.3 4.84E-02 000.6 067.9  83.6 37.04249 38.59999 37.25036 hargrave 2014-07-18 18:54:53 
500.10 016.1  42.6 016.1  42.6 5.83E-02 001.0 084.0  86.8 88.08584 53.57725 245.3547 hargrave 2014-07-19 16:25:24 
500.00 088.1 -19.7 088.1 -19.7 1.20E-03 003.0 066.6 -03.9 6.039715 1.471534 1.791179 hargrave 2014-07-25 22:32:25 
500.00 086.1 -22.8 086.1 -22.8 1.22E-03 004.4 063.0 -04.7 8.606135 3.539850 1.581679 hargrave 2014-08-01 19:30:11 
510.00 122.0 -47.3 122.0 -47.3 1.21E-03 000.6 059.3 -42.4 1.027189 0.872293 1.190962 hargrave 2014-08-02 20:14:31 
450.20 015.8  43.9 015.8  43.9 4.93E-02 000.6 109.1  86.9 25.78678 51.25099 55.18209 hargrave 2014-08-08 18:21:14 
510.10 013.3  44.6 013.3  44.6 5.35E-02 000.5 145.1  88.0 29.91784 37.18605 161.9921 hargrave 2014-08-09 19:08:16 
520.10 014.5  46.9 014.5  46.9 5.31E-02 001.1 154.2  85.6 51.98457 87.87858 116.8341 hargrave 2014-08-15 16:13:14 
520.00 068.9 -16.6 068.9 -16.6 8.97E-04 005.8 055.1  10.7 7.355583 5.196069 0.871582 hargrave 2014-08-31 16:17:47 
530.00 273.0 -29.2 273.0 -29.2 5.10E-04 003.3 287.1 -25.4 2.915455 0.559654 0.677909 hargrave 2014-09-14 14:19:38 
510.20 018.8  44.0 018.8  44.0 4.92E-02 000.4 103.8  84.8 26.33828 27.43083 22.13235 hargrave 2014-09-21 15:28:31 
530.10 014.7  45.5 014.7  45.5 5.19E-02 000.8 140.6  86.7 62.02789 39.52222 76.53132 hargrave 2014-09-28 16:46:39 
540.10 012.2  47.0 012.2  47.0 5.17E-02 001.1 175.6  86.0 80.18040 44.22617 125.5848 hargrave 2014-10-05 14:25:51 
540.00 075.6  84.3 075.6  84.3 4.04E-04 003.9 172.8  45.3 0.696627 2.601789 0.583700 hargrave 2014-10-18 19:23:41 
540.00 075.4  84.7 075.4  84.7 4.03E-04 004.3 173.3  45.2 0.702928 2.864402 0.719215 hargrave 2014-10-18 21:18:16 
550.00 341.9 -44.8 341.9 -44.8 3.45E-04 002.7 339.3 -01.8 0.700912 1.216677 0.913863 hargrave 2014-10-19 20:29:19 
530.20 013.2  45.4 013.2  45.4 4.97E-02 000.9 156.2  87.4 69.16930 29.92456 28.01451 hargrave 2014-10-26 17:03:02 
550.10 016.5  43.1 016.5  43.1 5.15E-02 000.5 093.9  86.5 28.39573 28.79482 44.86883 hargrave 2014-11-02 12:38:32 
560.10 014.4  45.0 014.4  45.0 5.18E-02 000.6 136.5  87.2 25.75324 51.34521 17.74627 hargrave 2014-11-08 17:53:25 
560.00 286.9  36.8 286.9  36.8 2.09E-04 003.1 244.0  27.5 0.954207 0.370342 0.573775 hargrave 2014-11-09 18:46:34 
570.00 238.9  65.1 238.9  65.1 1.48E-04 002.5 199.8  24.2 0.164693 0.582705 0.292356 hargrave 2014-12-06 23:00:40 
550.20 013.8  44.4 013.8  44.4 5.16E-02 000.7 134.2  87.9 29.06524 56.54899 55.54544 hargrave 2014-12-07 15:54:00 
570.10 014.7  45.8 014.7  45.8 4.91E-02 000.7 143.6  86.5 41.09175 45.45262 226.6944 hargrave 2015-02-01 14:03:45 
573.10 014.1  46.1 014.1  46.1 5.40E-02 001.3 152.2  86.5 90.73181 78.65557 36.05643 hargrave 2015-02-08 15:35:26 
