SI9- D2b 
     D2 340.0  35.0   0.0   0.0   1.0
NRM    086.8 -13.9 086.8 -13.9 6.60E-03 002.5 088.4 -16.0 27.70953 1.160360 8.404866 hargrave 2014-02-04 11:27:31 
100.00 102.8 -25.0 102.8 -25.0 7.51E-03 005.0 094.2 -34.0 65.18947 7.301987 8.177191 hargrave 2014-02-20 20:18:01 
100.10 095.1 -22.7 095.1 -22.7 7.10E-03 001.5 089.5 -27.7 15.13184 2.795231 11.24396 hargrave 2014-02-24 21:07:16 
200.10 097.2 -27.1 097.2 -27.1 6.98E-03 004.8 088.0 -32.4 58.48517 1.865961 8.638390 hargrave 2014-03-03 15:27:51 
200.00 105.7 -33.4 105.7 -33.4 7.71E-03 004.9 089.7 -41.9 65.95911 4.092219 8.894934 hargrave 2014-03-06 20:01:15 
250.00 108.4 -38.2 108.4 -38.2 7.98E-03 002.5 087.1 -46.9 33.26014 5.329696 8.154806 hargrave 2014-03-10 15:56:44 
100.20 101.9 -32.7 101.9 -32.7 7.20E-03 003.1 087.2 -39.3 37.95942 3.036222 10.29123 hargrave 2014-03-31 21:02:51 
250.10 097.2 -31.8 097.2 -31.8 6.62E-03 001.2 084.3 -35.9 11.13332 3.114437 8.830865 hargrave 2014-04-17 20:16:50 
300.10 089.0 -18.5 089.0 -18.5 5.40E-03 002.6 087.3 -20.9 19.13561 1.265943 15.75723 hargrave 2014-04-28 22:58:20 
300.00 107.0 -34.4 107.0 -34.4 6.82E-03 001.2 089.7 -43.5 12.21823 4.149190 7.366841 hargrave 2014-05-01 19:05:19 
350.00 108.4 -39.4 108.4 -39.4 6.89E-03 001.4 085.7 -47.7 16.17298 2.652065 7.129187 hargrave 2014-05-05 23:26:29 
250.20 096.4 -28.9 096.4 -28.9 5.57E-03 000.9 085.9 -33.3 3.751837 3.442707 7.423145 hargrave 2014-06-11 14:29:38 
350.10 082.2 -13.0 082.2 -13.0 4.67E-03 002.2 085.3 -12.6 12.48049 1.658123 12.98227 hargrave 2014-06-27 15:42:25 
400.10 069.1  01.2 069.1  01.2 4.37E-03 003.3 082.9  06.5 21.57911 4.167138 12.56434 hargrave 2014-06-28 15:41:08 
400.00 098.9 -35.4 098.9 -35.4 5.50E-03 000.9 082.4 -39.5 5.064477 4.209724 6.697125 hargrave 2014-07-04 13:41:02 
450.00 104.5 -42.5 104.5 -42.5 5.46E-03 003.0 079.4 -47.5 28.13775 2.586823 6.388837 hargrave 2014-07-11 13:47:27 
350.20 067.1  05.4 067.1  05.4 3.67E-03 004.4 083.5  11.0 25.99856 2.990072 11.06483 hargrave 2014-07-12 15:32:11 
450.10 035.1  42.1 035.1  42.1 5.95E-03 001.6 086.3  57.4 13.90020 5.103456 10.16066 hargrave 2014-07-18 18:49:41 
500.10 357.4  57.3 357.4  57.3 2.47E-02 001.1 118.7  84.6 24.54280 39.24748 20.76496 hargrave 2014-07-19 16:20:13 
500.10 359.1  57.2 359.1  57.2 2.25E-02 000.9 115.0  83.8 27.97995 18.80098 5.102722 hargrave 2014-07-25 09:39:40 
500.00 064.1  37.6 064.1  37.6 3.35E-03 002.5 103.7  37.9 14.13701 2.316304 3.337438 hargrave 2014-07-25 22:27:14 
500.00 063.3  35.6 063.3  35.6 3.29E-03 004.2 101.3  36.9 23.93119 3.139200 3.032569 hargrave 2014-08-01 19:22:04 
510.00 068.0 -10.1 068.0 -10.1 2.40E-03 004.9 075.5 -02.2 19.16218 6.123644 3.748064 hargrave 2014-08-02 20:09:20 
450.20 359.4  55.5 359.4  55.5 1.55E-02 001.0 099.5  83.9 18.28309 19.86338 8.656707 hargrave 2014-08-08 18:16:01 
510.10 355.6  57.1 355.6  57.1 3.21E-02 000.9 121.4  85.6 38.82771 31.43929 14.80937 hargrave 2014-08-09 19:03:53 
520.10 350.3  57.8 350.3  57.8 3.62E-02 000.6 163.0  87.1 20.03727 31.61299 13.42537 hargrave 2014-08-15 16:08:04 
520.00 041.6  54.1 041.6  54.1 2.30E-03 000.4 110.4  60.1 0.805175 1.010376 1.741449 hargrave 2014-08-31 16:12:33 
530.00 102.8  41.6 102.8  41.6 1.17E-03 001.1 132.7  21.6 1.264684 1.489249 1.419138 hargrave 2014-09-14 14:14:25 
510.20 347.2  55.3 347.2  55.3 2.96E-02 000.7 250.7  89.1 14.89395 33.01678 13.12477 hargrave 2014-09-21 15:23:08 
530.10 352.5  56.6 352.5  56.6 3.76E-02 001.3 127.9  87.3 68.85725 46.91350 9.768530 hargrave 2014-09-28 16:41:15 
540.10 349.3  57.8 349.3  57.8 4.13E-02 001.0 173.3  87.1 53.51854 47.54645 12.93781 hargrave 2014-10-05 14:20:21 
540.00 033.0  63.2 033.0  63.2 2.14E-03 000.5 128.1  66.4 0.804546 2.038655 1.138395 hargrave 2014-10-18 19:18:41 
540.00 032.9  63.6 032.9  63.6 2.14E-03 000.9 129.3  66.4 1.119166 3.339169 1.121892 hargrave 2014-10-18 21:13:14 
550.00 135.4  45.3 135.4  45.3 6.03E-04 006.7 156.5  14.2 2.806175 6.555384 0.448164 hargrave 2014-10-19 20:24:07 
530.20 349.0  57.4 349.0  57.4 3.63E-02 001.3 176.1  87.6 64.23806 55.66260 5.911856 hargrave 2014-10-26 16:58:42 
550.10 350.2  56.7 350.2  56.7 4.77E-02 001.4 154.1  88.1 93.85566 67.22931 16.10291 hargrave 2014-11-02 12:33:28 
560.10 349.1  57.1 349.1  57.1 5.01E-02 001.4 174.3  87.9 110.7151 56.25962 17.15460 hargrave 2014-11-08 17:48:11 
560.00 301.7  49.0 301.7  49.0 5.62E-04 002.3 262.1  61.0 2.250544 0.435290 0.485872 hargrave 2014-11-09 18:41:21 
570.00 054.5  49.6 054.5  49.6 4.47E-04 000.6 110.3  50.9 0.375309 0.377454 0.386865 hargrave 2014-12-06 22:55:35 
550.20 349.9  55.9 349.9  55.9 5.11E-02 000.8 143.7  88.8 41.94864 62.98709 34.92884 hargrave 2014-12-07 15:48:43 
570.10 348.0  56.6 348.0  56.6 4.79E-02 001.1 192.6  88.3 64.74274 67.27400 211.1529 hargrave 2015-02-01 13:58:40 
573.10 349.1  56.0 349.1  56.0 5.25E-02 001.0 168.0  89.0 56.85358 67.23355 27.29101 hargrave 2015-02-08 15:28:42 
