SI9- D7b 
     D7 340.0  77.0   0.0   0.0   1.0
NRM    106.8 -45.3 106.8 -45.3 4.13E-03 002.4 041.3  04.8 11.18187 13.00195 3.814482 hargrave 2014-02-04 11:33:47 
100.00 108.9 -46.6 108.9 -46.6 4.08E-03 007.1 040.7  03.0 33.40495 37.49837 4.941233 hargrave 2014-02-20 20:27:21 
100.10 099.7 -43.4 099.7 -43.4 4.19E-03 006.9 040.7  10.2 31.91663 38.60963 6.398029 hargrave 2014-02-24 21:15:43 
200.10 092.6 -37.4 092.6 -37.4 4.89E-03 008.3 043.1  18.0 47.35048 52.57458 6.428752 hargrave 2014-03-03 15:36:11 
200.00 108.9 -41.8 108.9 -41.8 4.59E-03 000.9 045.1  04.8 1.256685 2.344053 6.780395 hargrave 2014-03-06 20:09:36 
250.00 118.5 -43.3 118.5 -43.3 4.65E-03 005.8 045.9 -02.3 33.56245 32.97770 5.473735 hargrave 2014-03-10 16:05:06 
100.20 104.7 -39.1 104.7 -39.1 5.00E-03 002.8 046.3  08.8 17.00432 16.36263 7.887965 hargrave 2014-03-31 21:11:14 
250.10 092.6 -34.1 092.6 -34.1 5.09E-03 003.7 046.1  19.7 22.77395 22.56052 6.597901 hargrave 2014-04-17 20:25:11 
300.10 077.7 -22.6 077.7 -22.6 5.88E-03 001.4 048.1  37.1 6.595456 7.520371 11.98154 hargrave 2014-04-28 23:06:43 
300.00 102.7 -41.2 102.7 -41.2 4.69E-03 001.0 043.7  09.3 3.377888 3.925729 6.510593 hargrave 2014-05-01 19:13:38 
350.00 113.6 -40.4 113.6 -40.4 4.53E-03 006.5 047.7  02.0 36.57650 35.75135 6.641755 hargrave 2014-05-06 10:46:09 
250.20 087.3 -30.1 087.3 -30.1 4.98E-03 002.2 047.0  25.7 15.59793 10.79560 4.898554 hargrave 2014-06-11 14:39:45 
350.10 072.0 -19.9 072.0 -19.9 6.39E-03 001.0 046.3  42.9 12.02604 4.522113 4.600435 hargrave 2014-06-27 15:50:54 
400.10 063.4 -12.3 063.4 -12.3 7.24E-03 001.4 046.2  54.1 15.87885 10.01782 6.121076 hargrave 2014-06-28 15:49:29 
400.00 094.6 -35.4 094.6 -35.4 4.31E-03 000.6 045.8  17.7 2.645723 2.302721 3.259333 hargrave 2014-07-04 13:49:30 
450.00 102.0 -45.2 102.0 -45.2 3.53E-03 003.4 039.9  08.0 14.24354 14.93745 2.995349 hargrave 2014-07-11 13:55:50 
350.20 063.5 -11.9 063.5 -11.9 6.16E-03 002.5 046.8  54.3 24.12037 14.14136 4.032149 hargrave 2014-07-12 15:40:30 
450.10 054.5 -02.1 054.5 -02.1 9.23E-03 001.1 049.1  67.5 16.94893 6.387459 3.338333 hargrave 2014-07-18 18:58:04 
500.10 045.9  09.0 045.9  09.0 2.06E-02 002.0 064.8  81.0 60.94016 38.81109 10.72370 hargrave 2014-07-19 16:28:35 
500.00 069.3 -04.6 069.3 -04.6 3.58E-03 010.0 062.8  54.0 56.40152 28.24844 2.828911 hargrave 2014-07-25 22:35:36 
510.00 077.8 -23.7 077.8 -23.7 2.27E-03 000.8 047.0  36.3 2.674549 1.175356 1.948635 hargrave 2014-08-02 20:17:42 
450.20 048.7  05.7 048.7  05.7 1.14E-02 000.9 057.1  77.0 14.53973 11.45330 3.085521 hargrave 2014-08-08 18:24:26 
510.10 043.9  08.5 043.9  08.5 2.31E-02 001.2 054.1  82.5 12.57835 47.42062 12.12756 hargrave 2014-08-09 19:11:08 
520.10 042.1  13.1 042.1  13.1 2.59E-02 001.9 091.3  85.7 14.61718 83.33271 9.318264 hargrave 2014-08-15 16:16:24 
520.00 068.6 -14.7 068.6 -14.7 2.24E-03 001.0 048.9  48.7 1.690443 3.223297 2.270365 hargrave 2014-08-31 16:21:09 
530.00 081.6 -19.7 081.6 -19.7 1.20E-03 003.4 053.6  35.8 5.530048 4.405279 1.347701 hargrave 2014-09-14 14:22:51 
510.20 040.1  09.3 040.1  09.3 2.24E-02 001.2 033.5  85.6 12.99817 45.89282 9.860605 hargrave 2014-09-21 15:31:53 
530.10 037.3  15.2 037.3  15.2 2.71E-02 002.5 190.8  87.8 75.30981 89.58623 16.46623 hargrave 2014-09-28 16:49:54 
540.10 041.9  11.6 041.9  11.6 2.91E-02 002.0 071.3  85.7 78.55718 61.35131 8.924145 hargrave 2014-10-05 14:29:11 
540.00 063.0 -04.8 063.0 -04.8 1.48E-03 000.4 056.2  59.2 0.441238 0.973856 1.411974 hargrave 2014-10-18 19:26:48 
540.00 062.8 -05.2 062.8 -05.2 1.48E-03 000.7 055.5  59.1 1.128528 1.319321 1.533712 hargrave 2014-10-18 21:21:28 
550.00 092.0 -20.8 092.0 -20.8 7.52E-04 004.5 058.3  26.9 5.141401 2.976668 0.930924 hargrave 2014-10-19 20:32:31 
530.20 042.6  12.7 042.6  12.7 2.70E-02 002.1 086.5  85.2 57.33563 82.29953 13.00552 hargrave 2014-10-26 17:05:43 
550.10 043.2  13.1 043.2  13.1 3.06E-02 002.1 092.1  84.7 77.37935 85.80497 20.94285 hargrave 2014-11-02 12:41:46 
560.10 043.0  12.7 043.0  12.7 3.14E-02 001.3 087.1  84.8 29.92658 67.99027 10.52689 hargrave 2014-11-08 17:56:32 
560.00 065.4 -04.8 065.4 -04.8 8.88E-04 000.5 058.8  57.3 0.468116 0.687970 1.149607 hargrave 2014-11-09 18:49:45 
570.00 068.8 -11.0 068.8 -11.0 5.08E-04 004.1 053.5  50.9 2.500671 2.763432 0.528760 hargrave 2014-12-06 23:04:44 
550.20 041.1  12.1 041.1  12.1 3.08E-02 001.6 074.9  86.6 22.65213 80.66618 12.35268 hargrave 2014-12-07 15:58:04 
570.10 042.5  13.6 042.5  13.6 3.32E-02 001.1 098.3  85.3 56.95723 30.97973 14.55250 hargrave 2015-02-01 14:07:47 
573.10 041.5  14.0 041.5  14.0 3.31E-02 001.6 105.6  86.1 34.19187 87.37919 22.52138 hargrave 2015-02-08 15:40:57 
