SI9- D9b 
     D9 208.5  36.0   0.0   0.0   1.0
NRM    042.0  47.0 042.0  47.0 4.87E-03 004.3 083.3  69.1 36.13040 7.977105 1.366104 hargrave 2014-02-04 12:46:59 
100.00 056.8  42.7 056.8  42.7 3.94E-03 002.2 088.5  58.0 15.15645 1.671285 1.837277 hargrave 2014-02-20 20:31:04 
100.10 052.8  40.4 052.8  40.4 4.18E-03 002.0 081.4  58.9 13.64570 3.986348 2.864394 hargrave 2014-02-24 21:19:06 
200.10 061.1  23.8 061.1  23.8 2.96E-03 004.0 071.6  42.0 19.03854 7.981061 2.393124 hargrave 2014-03-03 15:39:34 
200.00 081.1  02.4 081.1  02.4 2.16E-03 004.4 075.3  13.4 15.78184 4.915251 2.225948 hargrave 2014-03-06 20:13:00 
250.00 095.0 -25.1 095.0 -25.1 2.23E-03 002.3 070.3 -16.9 8.057358 2.717685 2.306696 hargrave 2014-03-10 16:08:31 
100.20 085.5 -08.8 085.5 -08.8 2.23E-03 006.3 072.6  01.7 23.38789 7.214174 2.356741 hargrave 2014-03-31 21:14:38 
250.10 071.5  07.4 071.5  07.4 2.38E-03 002.7 070.0  22.8 10.21430 3.929341 1.974698 hargrave 2014-04-17 20:28:35 
300.10 054.8  29.7 054.8  29.7 3.22E-03 003.0 070.5  50.1 15.27021 4.326786 9.657587 hargrave 2014-04-28 23:10:09 
300.00 084.0 -18.0 084.0 -18.0 2.03E-03 003.8 066.2 -05.1 12.35719 5.349813 1.596587 hargrave 2014-05-01 19:17:01 
350.00 094.6 -30.5 094.6 -30.5 2.03E-03 001.3 066.5 -20.9 3.491046 2.185743 2.356435 hargrave 2014-05-06 10:49:38 
350.00 100.1 -32.0 100.1 -32.0 2.23E-03 002.1 069.4 -25.0 7.525919 2.898778 1.790087 hargrave 2014-06-02 13:20:09 
250.20 073.0  10.7 073.0  10.7 2.06E-03 003.0 073.3  24.8 10.02469 3.178441 1.875283 hargrave 2014-06-11 14:43:58 
350.10 066.1  41.4 066.1  41.4 3.24E-03 001.9 094.0  51.7 8.030908 1.748785 11.16575 hargrave 2014-06-27 15:54:19 
400.10 040.2  43.6 040.2  43.6 3.83E-03 003.0 073.5  68.2 18.89552 5.658143 8.231852 hargrave 2014-06-28 15:52:53 
400.00 078.0  07.2 078.0  07.2 1.52E-03 003.2 075.5  19.1 8.123784 2.124630 0.966435 hargrave 2014-07-04 13:52:54 
450.00 077.9 -10.7 077.9 -10.7 1.10E-03 004.1 065.3  04.2 7.504925 2.526298 1.135354 hargrave 2014-07-11 13:59:14 
350.20 036.6  43.1 036.6  43.1 3.04E-03 001.9 067.9  69.9 9.105271 4.144508 6.262368 hargrave 2014-07-12 15:43:54 
450.10 025.2  51.8 025.2  51.8 5.42E-03 001.4 081.8  81.0 12.60074 2.969466 5.801812 hargrave 2014-07-18 19:01:27 
500.10 013.6  54.5 013.6  54.5 1.88E-02 000.6 109.1  88.2 17.47185 10.51525 11.32251 hargrave 2014-07-19 16:32:00 
500.00 031.6  49.9 031.6  49.9 3.25E-03 002.6 080.8  76.6 14.18946 3.480251 0.990028 hargrave 2014-07-25 22:38:59 
510.00 047.3  34.8 047.3  34.8 1.03E-03 003.0 068.0  58.1 4.805856 2.526879 0.536488 hargrave 2014-08-02 20:21:05 
450.20 015.9  53.3 015.9  53.3 6.81E-03 001.2 078.9  86.9 12.74469 5.888700 3.922020 hargrave 2014-08-08 18:27:51 
510.10 010.8  55.0 010.8  55.0 1.97E-02 000.6 175.2  89.0 13.79661 13.72690 9.335538 hargrave 2014-08-09 19:14:03 
520.10 010.5  54.4 010.5  54.4 2.22E-02 000.7 195.2  89.6 22.18108 14.82609 8.283718 hargrave 2014-08-15 16:19:48 
520.00 029.0  47.6 029.0  47.6 1.25E-03 001.1 068.5  76.9 2.176789 1.058630 0.381855 hargrave 2014-08-31 16:24:35 
530.00 019.3  33.6 019.3  33.6 4.54E-04 001.2 020.0  68.7 0.481600 0.808350 0.212320 hargrave 2014-09-14 14:26:17 
510.20 011.8  54.6 011.8  54.6 1.88E-02 000.6 132.2  89.2 15.32665 12.24542 4.834257 hargrave 2014-09-21 15:35:26 
530.10 012.0  55.8 012.0  55.8 2.23E-02 000.7 158.8  88.1 21.73028 17.40915 15.80931 hargrave 2014-09-28 16:53:38 
540.10 014.8  56.6 014.8  56.6 2.27E-02 000.4 139.2  86.5 10.92690 11.51646 11.87445 hargrave 2014-10-05 14:32:38 
540.00 014.0  47.6 014.0  47.6 5.86E-04 001.2 019.5  83.3 0.901956 0.886141 0.393809 hargrave 2014-10-18 19:30:07 
540.00 013.8  47.5 013.8  47.5 5.85E-04 001.0 017.8  83.2 0.809624 0.699871 0.478356 hargrave 2014-10-18 21:24:42 
550.00 006.4  45.4 006.4  45.4 1.88E-04 000.7 340.3  81.0 0.175748 0.202285 0.271888 hargrave 2014-10-19 20:35:56 
530.20 009.9  54.7 009.9  54.7 2.16E-02 000.6 214.0  89.2 20.71131 11.79672 10.71071 hargrave 2014-10-26 17:08:33 
550.10 011.4  55.4 011.4  55.4 2.28E-02 000.6 163.8  88.6 18.19648 12.69867 9.721940 hargrave 2014-11-02 12:45:13 
560.10 010.6  55.3 010.6  55.3 2.30E-02 000.6 183.1  88.7 18.51527 15.20150 4.376637 hargrave 2014-11-08 17:59:47 
560.00 013.3  41.3 013.3  41.3 2.86E-04 002.1 008.7  77.2 0.230698 1.034575 0.350342 hargrave 2014-11-09 18:53:10 
570.00 002.5  26.4 002.5  26.4 1.58E-04 001.3 344.4  61.8 0.134718 0.334096 0.172380 hargrave 2014-12-06 23:08:01 
550.20 008.8  56.0 008.8  56.0 2.32E-02 000.7 208.3  87.8 22.80935 18.99589 9.847428 hargrave 2014-12-07 16:01:32 
570.10 010.3  54.4 010.3  54.4 2.30E-02 000.8 208.0  89.5 20.84995 26.27433 14.60575 hargrave 2015-02-01 14:11:07 
573.10 010.1  52.4 010.1  52.4 2.24E-02 001.2 347.6  88.4 36.64425 28.12138 15.45887 hargrave 2015-02-08 15:45:23 
