SI9- D3b 
     D3  40.5  37.0   0.0   0.0   1.0
NRM    114.0 -35.7 114.0 -35.7 9.87E-03 002.5 092.0 -48.4 41.00024 12.34965 10.45660 hargrave 2014-02-04 11:29:02 
100.00 115.2 -39.0 115.2 -39.0 8.92E-03 005.0 089.1 -51.3 76.49005 10.17687 9.096572 hargrave 2014-02-20 20:19:45 
100.10 111.8 -35.0 111.8 -35.0 8.17E-03 003.5 091.0 -46.7 48.08771 8.698315 12.17627 hargrave 2014-02-24 21:08:52 
200.10 108.7 -37.0 108.7 -37.0 7.48E-03 005.4 086.4 -46.1 70.69060 2.155202 8.197103 hargrave 2014-03-03 15:29:28 
200.00 116.5 -39.2 116.5 -39.2 8.12E-03 007.4 089.9 -52.3 105.0630 8.593010 8.805549 hargrave 2014-03-06 20:02:51 
250.00 115.6 -44.1 115.6 -44.1 8.38E-03 003.0 082.5 -54.6 43.25998 5.067936 8.063056 hargrave 2014-03-10 15:58:20 
100.20 111.1 -37.9 111.1 -37.9 7.53E-03 002.4 087.2 -48.2 27.50252 9.388330 12.45542 hargrave 2014-03-31 21:04:28 
250.10 108.6 -37.1 108.6 -37.1 7.01E-03 002.8 086.3 -46.2 32.27377 6.197117 9.613587 hargrave 2014-04-17 20:18:26 
300.10 099.5 -28.1 099.5 -28.1 5.65E-03 003.0 087.7 -34.4 25.75537 3.433889 15.65583 hargrave 2014-04-28 22:59:57 
300.00 114.6 -39.8 114.6 -39.8 7.06E-03 002.0 087.6 -51.5 22.90640 7.787746 7.794931 hargrave 2014-05-01 19:06:54 
350.00 115.7 -42.5 115.7 -42.5 7.07E-03 004.2 084.9 -53.7 51.10936 2.528808 7.587830 hargrave 2014-05-05 23:28:09 
250.20 101.3 -36.1 101.3 -36.1 5.78E-03 001.0 081.9 -41.1 4.836250 5.167909 8.022163 hargrave 2014-06-11 14:31:30 
350.10 091.7 -21.2 091.7 -21.2 4.67E-03 003.7 086.8 -24.5 27.25724 1.922939 13.98049 hargrave 2014-06-27 15:44:01 
350.10 092.6 -25.1 092.6 -25.1 4.83E-03 004.3 084.7 -28.0 35.47693 2.255755 7.687575 hargrave 2014-06-28 09:20:41 
400.10 078.5 -09.6 078.5 -09.6 4.14E-03 008.5 084.0 -07.5 60.46742 6.523937 13.24447 hargrave 2014-06-28 15:42:44 
400.00 105.8 -39.7 105.8 -39.7 5.71E-03 001.3 081.3 -46.1 9.290390 6.067156 7.434178 hargrave 2014-07-04 13:42:44 
450.00 111.4 -44.5 111.4 -44.5 5.86E-03 004.0 079.3 -52.3 40.58265 3.114414 6.360286 hargrave 2014-07-11 13:49:03 
350.20 079.6 -15.3 079.6 -15.3 3.90E-03 005.1 081.4 -12.7 32.23917 3.311673 13.34118 hargrave 2014-07-12 15:33:47 
450.10 061.8  20.3 061.8  20.3 4.20E-03 003.0 089.4  26.2 18.59850 2.547138 12.48975 hargrave 2014-07-18 18:51:17 
500.10 007.4  51.2 007.4  51.2 1.90E-02 001.3 088.3  78.4 16.97529 35.60058 25.78221 hargrave 2014-07-19 16:21:49 
500.10 009.1  50.7 009.1  50.7 1.71E-02 001.5 088.0  77.2 37.44813 26.47753 5.683533 hargrave 2014-07-25 09:42:55 
500.00 060.7  08.5 060.7  08.5 3.15E-03 005.8 080.7  17.6 31.07093 6.356333 5.215728 hargrave 2014-07-25 22:28:50 
510.00 083.4 -21.2 083.4 -21.2 2.80E-03 008.4 080.4 -19.5 40.81098 4.915170 4.313973 hargrave 2014-08-02 20:10:56 
450.20 019.3  50.7 019.3  50.7 9.65E-03 001.0 095.4  71.1 11.39767 8.971636 10.82322 hargrave 2014-08-08 18:17:38 
510.10 002.8  52.8 002.8  52.8 2.58E-02 001.0 094.1  81.5 15.35698 41.19876 16.65743 hargrave 2014-08-09 19:05:12 
520.10 000.2  54.3 000.2  54.3 3.02E-02 000.7 105.5  83.0 20.67075 29.93649 13.21250 hargrave 2014-08-15 16:09:39 
520.00 046.1  08.8 046.1  08.8 2.07E-03 001.1 068.2  26.3 1.872182 2.177528 2.934046 hargrave 2014-08-31 16:14:10 
530.00 083.2  06.6 083.2  06.6 1.45E-03 002.8 097.6  02.6 6.575579 1.595213 2.006942 hargrave 2014-09-14 14:16:02 
510.20 359.7  52.6 359.7  52.6 2.38E-02 001.4 090.9  83.3 43.41818 36.07379 8.303030 hargrave 2014-09-21 15:24:48 
530.10 354.0  56.3 354.0  56.3 3.18E-02 001.1 139.5  85.5 59.18893 21.91848 24.00624 hargrave 2014-09-28 16:42:56 
540.10 357.3  53.7 357.3  53.7 3.50E-02 001.4 101.1  84.8 68.22980 46.85172 19.64398 hargrave 2014-10-05 14:22:05 
540.00 053.4  39.9 053.4  39.9 1.51E-03 001.8 100.1  45.2 4.793123 0.552711 1.054022 hargrave 2014-10-18 19:20:13 
540.00 053.4  40.1 053.4  40.1 1.51E-03 002.0 100.4  45.3 5.297370 0.622829 1.002495 hargrave 2014-10-18 21:14:46 
550.00 109.3  30.4 109.3  30.4 5.40E-04 009.1 131.5  08.1 6.093257 6.110213 0.421497 hargrave 2014-10-19 20:25:43 
530.20 353.8  55.9 353.8  55.9 3.12E-02 001.6 136.4  85.9 69.12598 49.89154 11.52092 hargrave 2014-10-26 17:00:01 
550.10 355.5  55.0 355.5  55.0 3.85E-02 000.8 118.8  85.5 53.44296 19.14413 14.97413 hargrave 2014-11-02 12:35:01 
560.10 356.0  55.1 356.0  55.1 4.02E-02 000.5 119.5  85.2 27.10837 24.72973 6.155384 hargrave 2014-11-08 17:49:49 
560.00 042.9  28.1 042.9  28.1 7.31E-04 003.8 079.9  43.4 4.604511 1.517327 0.840366 hargrave 2014-11-09 18:42:57 
570.00 068.8  48.9 068.8  48.9 3.31E-04 001.3 119.3  42.0 0.396030 0.434401 0.529893 hargrave 2014-12-06 22:57:08 
550.20 353.3  55.2 353.3  55.2 4.15E-02 001.0 131.5  86.5 54.08688 49.22280 15.57971 hargrave 2014-12-07 15:50:21 
570.10 353.6  55.3 353.6  55.3 4.26E-02 001.5 130.1  86.3 82.40225 77.80826 40.93608 hargrave 2015-02-01 14:00:14 
573.10 353.5  54.1 353.5  54.1 4.27E-02 001.1 113.5  86.9 45.79115 70.10328 25.70783 hargrave 2015-02-08 15:30:49 
