SI9- D4b 
     D4   8.0  93.0   0.0   0.0   1.0
NRM    145.9 -71.7 145.9 -71.7 5.30E-03 003.1 345.3 -08.0 6.907831 27.32117 4.669362 hargrave 2014-02-04 11:30:33 
100.00 273.2 -18.4 273.2 -18.4 3.58E-07 045.1 001.7  74.6 0.036383 0.039103 0.016697 hargrave 2014-02-20 20:21:48 
100.00 137.2 -71.2 137.2 -71.2 4.88E-03 006.3 346.7 -10.4 11.51846 51.74810 7.483907 hargrave 2014-02-24 09:40:26 
100.10 148.2 -80.3 148.2 -80.3 4.84E-03 002.0 352.0 -02.5 2.515109 14.61649 8.939951 hargrave 2014-02-24 21:10:29 
200.10 170.5 -79.8 170.5 -79.8 4.98E-03 001.1 350.0  00.8 1.875165 4.832502 8.231437 hargrave 2014-03-03 15:32:35 
200.00 141.4 -67.7 141.4 -67.7 5.05E-03 004.1 343.1 -11.6 10.78689 33.76196 8.447096 hargrave 2014-03-06 20:04:29 
250.00 120.5 -64.4 120.5 -64.4 5.25E-03 003.1 347.6 -19.6 5.250620 27.14355 8.013967 hargrave 2014-03-10 15:59:58 
100.20 143.9 -73.3 143.9 -73.3 5.12E-03 001.1 347.0 -07.4 1.258561 3.047105 9.769761 hargrave 2014-03-31 21:06:06 
250.10 164.5 -74.8 164.5 -74.8 5.02E-03 006.0 345.5 -01.8 13.42115 50.16799 8.738627 hargrave 2014-04-17 20:20:03 
300.10 231.6 -72.9 231.6 -72.9 5.28E-03 002.0 348.4  15.7 2.915697 5.112146 17.38090 hargrave 2014-04-28 23:01:35 
300.00 127.0 -70.8 127.0 -70.8 5.03E-03 000.9 349.0 -12.8 1.055086 3.527371 7.613634 hargrave 2014-05-01 19:08:31 
350.00 122.9 -62.5 122.9 -62.5 5.27E-03 001.2 345.6 -20.7 0.669408 6.457596 8.762315 hargrave 2014-05-05 23:29:50 
350.00 119.4 -63.3 119.4 -63.3 5.27E-03 002.8 347.5 -20.7 4.747559 23.68658 9.448706 hargrave 2014-05-06 10:42:27 
250.20 181.3 -75.8 181.3 -75.8 5.26E-03 001.5 345.8  02.6 2.959221 9.186425 9.748318 hargrave 2014-06-11 14:33:25 
350.10 243.6 -64.5 243.6 -64.5 5.59E-03 001.5 346.6  25.1 3.852875 9.933518 11.15577 hargrave 2014-06-27 15:45:40 
350.10 239.4 -67.5 239.4 -67.5 5.43E-03 008.5 347.0  21.6 20.56228 78.47250 7.276091 hargrave 2014-06-28 09:26:34 
400.10 263.8 -39.5 263.8 -39.5 6.72E-03 003.6 348.7  52.7 14.84707 37.96881 12.14326 hargrave 2014-06-28 15:44:22 
400.00 199.3 -78.4 199.3 -78.4 3.00E-03 002.6 348.8  06.2 3.556499 12.65623 3.621382 hargrave 2014-07-04 13:44:22 
450.00 101.0 -52.4 101.0 -52.4 1.60E-03 000.4 353.9 -34.1 1.341287 0.646058 1.705946 hargrave 2014-07-11 13:50:41 
450.00 037.5 -85.1 037.5 -85.1 1.28E-03 037.4 004.0  00.2 2.625844 24.58721 95.00313 hargrave 2014-07-11 14:24:12 
450.00 094.3 -52.2 094.3 -52.2 1.58E-03 009.1 358.8 -34.7 1.615521 25.42745 1.686448 hargrave 2014-07-11 14:33:46 
350.20 272.7 -07.6 272.7 -07.6 2.07E-02 001.5 359.5  85.4 18.31664 49.73291 12.03307 hargrave 2014-07-12 15:35:24 
350.20 272.8 -08.3 272.8 -08.3 1.95E-02 000.7 001.1  84.7 7.287842 22.97518 6.732689 hargrave 2014-07-18 09:24:56 
450.10 273.5 -06.8 273.5 -06.8 3.71E-02 001.3 011.3  86.1 29.70267 77.41639 15.01202 hargrave 2014-07-18 18:52:55 
500.10 273.3 -05.2 273.3 -05.2 4.83E-02 001.0 015.7  87.7 49.10064 66.35244 34.04949 hargrave 2014-07-19 16:23:27 
500.00 328.1 -21.8 328.1 -21.8 6.79E-04 001.2 065.8  33.1 1.093918 0.843575 0.924379 hargrave 2014-07-25 22:30:28 
500.00 329.4 -18.2 329.4 -18.2 6.72E-04 004.8 070.3  32.5 5.012339 2.805372 0.832298 hargrave 2014-08-01 19:26:03 
510.00 045.5 -30.9 045.5 -30.9 5.92E-04 003.1 049.3 -33.7 1.133713 3.259144 0.828150 hargrave 2014-08-02 20:12:34 
510.00 044.6 -31.8 044.6 -31.8 5.75E-04 003.1 048.7 -32.6 0.973336 3.277520 0.717145 hargrave 2014-08-08 12:09:28 
450.20 273.7 -03.7 273.7 -03.7 4.01E-02 000.9 052.0  88.8 22.14946 58.62977 10.79390 hargrave 2014-08-08 18:19:17 
510.10 273.7 -04.3 273.7 -04.3 4.82E-02 000.9 037.0  88.3 38.19704 61.07827 13.19562 hargrave 2014-08-09 19:06:32 
520.10 272.8 -05.6 272.8 -05.6 4.79E-02 001.0 001.7  87.4 24.75248 76.68026 14.93383 hargrave 2014-08-15 16:11:17 
520.00 231.5 -21.0 231.5 -21.0 7.18E-04 001.5 297.6  46.0 0.717144 1.243666 1.257174 hargrave 2014-08-31 16:15:48 
530.00 352.4  32.0 352.4  32.0 9.41E-04 003.4 122.8  07.1 4.526816 2.691419 2.135607 hargrave 2014-09-14 14:17:41 
510.20 273.7 -05.3 273.7 -05.3 4.38E-02 001.0 023.5  87.5 39.18075 69.08551 6.545343 hargrave 2014-09-21 15:26:30 
530.10 274.5 -04.8 274.5 -04.8 4.47E-02 001.7 044.2  87.5 116.7317 68.94536 23.88140 hargrave 2014-09-28 16:44:37 
540.10 274.1 -05.8 274.1 -05.8 4.48E-02 001.3 027.0  86.8 88.63537 43.74078 26.18052 hargrave 2014-10-05 14:23:44 
540.00 314.8  33.5 314.8  33.5 4.21E-04 001.7 136.2  36.1 0.811430 0.958143 0.233335 hargrave 2014-10-18 19:21:48 
540.00 314.5  34.1 314.5  34.1 4.20E-04 002.4 137.0  35.9 1.147633 1.339509 0.310633 hargrave 2014-10-18 21:16:22 
550.00 025.8  39.9 025.8  39.9 5.65E-04 001.5 131.5 -19.5 0.996677 0.915752 1.129391 hargrave 2014-10-19 20:27:22 
530.20 273.3 -03.9 273.3 -03.9 4.35E-02 001.8 030.9  88.9 109.4581 86.03416 18.92959 hargrave 2014-10-26 17:01:22 
550.10 273.9 -04.3 273.9 -04.3 4.54E-02 001.4 042.4  88.2 47.46784 96.92071 23.38243 hargrave 2014-11-02 12:36:38 
560.10 273.6 -05.5 273.6 -05.5 4.53E-02 001.3 019.0  87.3 37.05138 92.40006 11.46315 hargrave 2014-11-08 17:51:25 
560.00 013.8  58.5 013.8  58.5 2.44E-04 001.1 148.8 -08.4 0.522993 0.169515 0.389997 hargrave 2014-11-09 18:44:36 
570.00 286.2  66.1 286.2  66.1 1.36E-04 002.6 174.2  20.2 0.091392 0.458435 0.446980 hargrave 2014-12-06 22:58:45 
550.20 273.4 -05.0 273.4 -05.0 4.76E-02 001.1 019.6  87.9 39.91933 78.25832 18.48825 hargrave 2014-12-07 15:52:01 
570.10 272.8 -04.6 272.8 -04.6 4.56E-02 001.8 002.2  88.4 78.35218 117.6775 133.9878 hargrave 2015-02-01 14:01:50 
573.10 272.9 -05.1 272.9 -05.1 4.82E-02 001.2 006.8  87.9 50.63775 84.48435 36.58370 hargrave 2015-02-08 15:32:58 
