SI9- D8b 
     D8  40.5  34.0   0.0   0.0   1.0
NRM    117.8 -51.0 117.8 -51.0 6.85E-03 001.5 279.7 -62.1 14.62548 9.790284 3.375489 hargrave 2014-02-04 11:56:50 
100.00 116.4 -47.8 116.4 -47.8 6.46E-03 001.0 273.0 -61.2 2.628979 9.883979 5.204119 hargrave 2014-02-20 20:29:11 
100.10 116.5 -43.6 116.5 -43.6 6.02E-03 002.9 266.4 -58.7 28.43598 6.251374 8.137813 hargrave 2014-02-24 21:17:22 
200.10 125.6 -30.1 125.6 -30.1 4.02E-03 002.7 259.5 -44.0 18.85466 2.359153 4.144344 hargrave 2014-03-03 15:37:51 
200.00 121.7 -38.1 121.7 -38.1 4.51E-03 001.8 263.9 -52.1 12.59827 4.430444 4.263273 hargrave 2014-03-06 20:11:16 
250.00 121.3 -41.9 121.3 -41.9 4.44E-03 005.0 268.2 -54.8 38.35356 4.153789 3.325115 hargrave 2014-03-10 16:06:47 
100.20 132.2 -34.0 132.2 -34.0 3.57E-03 001.5 268.8 -43.2 6.868000 4.469626 4.832384 hargrave 2014-03-31 21:12:54 
250.10 140.3 -25.5 140.3 -25.5 2.99E-03 002.4 268.6 -32.2 11.74719 3.228021 3.541080 hargrave 2014-04-17 20:26:51 
300.10 175.3  15.5 175.3  15.5 2.47E-03 003.7 273.2  21.0 7.193268 1.394839 15.38132 hargrave 2014-04-28 23:08:24 
300.00 134.5 -32.4 134.5 -32.4 2.98E-03 003.3 269.3 -40.7 16.65562 3.806441 3.375452 hargrave 2014-05-01 19:15:18 
350.00 130.0 -39.3 130.0 -39.3 3.12E-03 003.7 272.3 -48.2 19.66953 3.195007 3.990318 hargrave 2014-05-06 10:47:51 
250.20 152.4 -11.2 152.4 -11.2 2.19E-03 004.4 269.5 -13.9 16.29940 2.591972 3.438400 hargrave 2014-06-11 14:41:45 
350.10 192.6  39.7 192.6  39.7 2.75E-03 002.7 268.3  49.2 4.626077 1.886660 16.86372 hargrave 2014-06-27 15:52:35 
350.10 176.0  28.9 176.0  28.9 2.21E-03 000.6 264.7  32.0 0.952358 1.216725 2.950833 hargrave 2014-06-28 09:30:42 
400.10 211.5  51.2 211.5  51.2 3.87E-03 003.2 265.2  66.6 19.91379 5.368188 11.71805 hargrave 2014-06-28 15:51:09 
400.00 154.9 -09.3 154.9 -09.3 1.62E-03 004.1 270.4 -10.9 11.29740 2.605305 2.733299 hargrave 2014-07-04 13:51:10 
450.00 139.6 -29.7 139.6 -29.7 1.56E-03 001.4 271.2 -35.8 3.348365 6.083507 2.740486 hargrave 2014-07-11 13:57:29 
350.20 221.8  53.5 221.8  53.5 4.11E-03 001.9 266.5  73.2 10.36360 6.456134 10.08368 hargrave 2014-07-12 15:42:10 
450.10 237.6  54.5 237.6  54.5 7.66E-03 001.4 276.1  82.4 9.095879 15.57556 10.24496 hargrave 2014-07-18 18:59:43 
500.10 255.7  58.1 255.7  58.1 2.76E-02 001.5 129.9  86.5 23.31392 68.77731 16.24940 hargrave 2014-07-19 16:30:15 
500.00 236.7  59.5 236.7  59.5 4.22E-03 000.6 239.0  81.8 3.243465 3.384319 2.300236 hargrave 2014-07-25 22:37:15 
510.00 209.2  56.9 209.2  56.9 6.42E-04 003.3 250.4  67.4 3.240533 1.740970 0.606186 hargrave 2014-08-02 20:19:21 
450.20 250.7  58.2 250.7  58.2 1.08E-02 001.3 180.3  87.8 6.908770 24.20170 5.846684 hargrave 2014-08-08 18:26:06 
510.10 252.8  57.3 252.8  57.3 3.38E-02 000.7 139.4  88.3 18.38265 39.05095 10.15782 hargrave 2014-08-09 19:12:36 
520.10 249.2  55.2 249.2  55.2 3.89E-02 001.0 312.3  88.9 24.71786 61.83290 14.50175 hargrave 2014-08-15 16:18:04 
520.00 243.8  49.9 243.8  49.9 9.53E-04 000.4 323.1  82.6 0.515298 0.460299 0.474273 hargrave 2014-08-31 16:22:50 
530.00 106.9  46.0 106.9  46.0 2.34E-04 005.0 205.3  16.5 1.072380 1.758952 0.163785 hargrave 2014-09-14 14:24:32 
510.20 254.1  58.0 254.1  58.0 3.47E-02 000.9 138.6  87.3 20.94303 51.27969 10.01905 hargrave 2014-09-21 15:33:37 
530.10 248.6  58.8 248.6  58.8 3.89E-02 001.1 201.7  87.0 51.59226 50.48204 4.215178 hargrave 2014-09-28 16:51:38 
540.10 255.5  54.9 255.5  54.9 3.83E-02 000.6 070.7  87.1 25.58741 31.36552 5.467843 hargrave 2014-10-05 14:30:53 
540.00 114.7  73.8 114.7  73.8 2.53E-04 002.4 195.4  43.2 0.240961 0.989213 0.335067 hargrave 2014-10-18 19:28:23 
540.00 115.2  73.6 115.2  73.6 2.52E-04 002.6 195.7  43.1 0.268097 1.087783 0.411903 hargrave 2014-10-18 21:23:04 
550.00 013.1  29.8 013.1  29.8 1.43E-04 005.2 132.1  08.8 0.864170 0.980844 0.103880 hargrave 2014-10-19 20:34:11 
530.20 253.0  57.1 253.0  57.1 3.80E-02 001.2 130.8  88.3 47.59132 64.79543 5.077121 hargrave 2014-10-26 17:07:06 
550.10 254.1  57.0 254.1  57.0 3.85E-02 000.9 119.0  87.9 37.64296 49.31592 11.06884 hargrave 2014-11-02 12:43:22 
560.10 254.1  57.4 254.1  57.4 3.90E-02 000.9 128.0  87.7 20.01836 58.86921 7.395958 hargrave 2014-11-08 17:58:09 
560.00 339.9  66.2 339.9  66.2 1.93E-04 003.3 141.5  49.6 0.547033 0.997340 0.286378 hargrave 2014-11-09 18:51:25 
570.00 149.5  63.1 149.5  63.1 1.48E-04 003.7 217.9  43.6 0.432258 0.807045 0.329124 hargrave 2014-12-06 23:06:21 
550.20 250.7  55.0 250.7  55.0 4.06E-02 000.6 359.0  89.0 21.20816 37.93402 11.73534 hargrave 2014-12-07 15:59:46 
570.10 254.9  58.3 254.9  58.3 4.01E-02 000.9 136.2  86.8 32.62833 54.43582 19.07698 hargrave 2015-02-01 14:09:25 
573.10 253.8  56.2 253.8  56.2 3.91E-02 001.8 097.6  88.3 95.75275 81.21977 20.68893 hargrave 2015-02-08 15:43:08 
